{
    "camera_angle_x": 45.00768508920038,
    "frames": [
        {
            "file_path": "./train/r_0014.png",
            "transform_matrix": [
                [
                    0.0021457357426709817,
                    -0.9983830394900749,
                    -0.05680406919123175,
                    0.16215661029366873
                ],
                [
                    0.9999780468454031,
                    0.0017861168381751408,
                    0.006380878771212194,
                    -0.28828196871442596
                ],
                [
                    -0.0062691024377612,
                    -0.05681651384236812,
                    0.9983649543676025,
                    3.5025822598824465
                ],
                [
                    0.0,
                    0.0,
                    0.0,
                    1.0
                ]
            ],
            "rotation": -3.2571645140350856
        },
        {
            "file_path": "./train/r_0216.png",
            "transform_matrix": [
                [
                    -0.03894996630414414,
                    -0.31502992536284696,
                    0.948282155400377,
                    3.6098076091654447
                ],
                [
                    0.9988944797043968,
                    -0.037271741268746245,
                    0.028646740109093245,
                    -0.3312534438455294
                ],
                [
                    0.026319546747395367,
                    0.9483495997935965,
                    0.3161333864531505,
                    1.1031069001820875
                ],
                [
                    0.0,
                    0.0,
                    0.0,
                    1.0
                ]
            ],
            "rotation": 71.56413479530467
        },
        {
            "file_path": "./train/r_0008.png",
            "transform_matrix": [
                [
                    -0.006345198297603401,
                    -0.9997379477944313,
                    -0.021994867545477553,
                    0.4521240420957494
                ],
                [
                    0.9999521970683258,
                    -0.0065071189929340545,
                    0.007298012101934285,
                    -0.30113690231635465
                ],
                [
                    -0.007439222862118951,
                    -0.02194750879236201,
                    0.9997314463499769,
                    3.6906313635661148
                ],
                [
                    0.0,
                    0.0,
                    0.0,
                    1.0
                ]
            ],
            "rotation": -1.2576354074660547
        },
        {
            "file_path": "./train/r_0209.png",
            "transform_matrix": [
                [
                    -0.10629086120246423,
                    -0.17022201478707805,
                    0.9796564288089299,
                    3.8942605955303202
                ],
                [
                    0.9910746176285168,
                    -0.09785750375920743,
                    0.09052630142950707,
                    0.06153741705954986
                ],
                [
                    0.08045716324434858,
                    0.9805347391295447,
                    0.17910407656674862,
                    0.5715265529336586
                ],
                [
                    0.0,
                    0.0,
                    0.0,
                    1.0
                ]
            ],
            "rotation": 79.64849382863451
        },
        {
            "file_path": "./train/r_0054.png",
            "transform_matrix": [
                [
                    0.10236577512707863,
                    -0.5463583757008101,
                    -0.831272382185409,
                    -3.1945347580460686
                ],
                [
                    0.9849881793854208,
                    0.1724382280308553,
                    0.007958893426413524,
                    -0.20240206150590156
                ],
                [
                    0.13899472851020875,
                    -0.8196081885969362,
                    0.5558083146474351,
                    1.428359419158394
                ],
                [
                    0.0,
                    0.0,
                    0.0,
                    1.0
                ]
            ],
            "rotation": -55.85727183468223
        },
        {
            "file_path": "./train/r_0178.png",
            "transform_matrix": [
                [
                    -0.08392765065455912,
                    0.5866187892334682,
                    0.8055026663977383,
                    3.2419898897340014
                ],
                [
                    0.9879155359560894,
                    -0.05672090155945922,
                    0.1442415791055923,
                    0.22330746932764994
                ],
                [
                    0.1303036579386741,
                    0.8078744552494167,
                    -0.5747693635566,
                    -2.3728706315428005
                ],
                [
                    0.0,
                    0.0,
                    0.0,
                    1.0
                ]
            ],
            "rotation": 125.43028248208363
        },
        {
            "file_path": "./train/r_0175.png",
            "transform_matrix": [
                [
                    -0.06536177145242389,
                    0.6623783689790322,
                    0.7463127595996718,
                    2.997441835933608
                ],
                [
                    0.9894157369020143,
                    -0.05408315565341859,
                    0.13465330239252113,
                    0.21683533826571413
                ],
                [
                    0.12955438395996002,
                    0.7472147673749793,
                    -0.651832611192099,
                    -2.580854788332689
                ],
                [
                    0.0,
                    0.0,
                    0.0,
                    1.0
                ]
            ],
            "rotation": 131.09980945204464
        },
        {
            "file_path": "./train/r_0033.png",
            "transform_matrix": [
                [
                    0.10524508280679924,
                    -0.9011408327553541,
                    -0.4205575728553428,
                    -1.5550051343165803
                ],
                [
                    0.9934256197125355,
                    0.11442841529585027,
                    0.00341699746055439,
                    -0.25400644662378646
                ],
                [
                    0.045044540665379065,
                    -0.41815228961930534,
                    0.9072594182715202,
                    2.745829389592341
                ],
                [
                    0.0,
                    0.0,
                    0.0,
                    1.0
                ]
            ],
            "rotation": -24.744789820000282
        },
        {
            "file_path": "./train/r_0164.png",
            "transform_matrix": [
                [
                    -0.07954994456918128,
                    0.8248181161822975,
                    0.5597739557504676,
                    2.130243497260202
                ],
                [
                    0.9878595164415015,
                    -0.00993970412129181,
                    0.15503153891367968,
                    0.2834021048754932
                ],
                [
                    0.13343680937058855,
                    0.5653107795712615,
                    -0.8140137224921519,
                    -3.340930544566918
                ],
                [
                    0.0,
                    0.0,
                    0.0,
                    1.0
                ]
            ],
            "rotation": 145.2210540361831
        },
        {
            "file_path": "./train/r_0099.png",
            "transform_matrix": [
                [
                    0.008386704378221095,
                    0.5531607933135306,
                    -0.8330322922494768,
                    -3.653462882102864
                ],
                [
                    0.996012610689209,
                    0.06937200020381426,
                    0.056092824280724395,
                    0.1952259205761354
                ],
                [
                    0.08881746752603657,
                    -0.8301811021267992,
                    -0.5503733234212885,
                    -2.5363897368915094
                ],
                [
                    0.0,
                    0.0,
                    0.0,
                    1.0
                ]
            ],
            "rotation": -123.54261637646502
        },
        {
            "file_path": "./train/r_0108.png",
            "transform_matrix": [
                [
                    0.01657533740119023,
                    0.7109837712773124,
                    -0.703013040540733,
                    -3.1729329128856794
                ],
                [
                    0.9886725836950476,
                    0.09324298410275146,
                    0.1176106634849628,
                    0.2724972925753823
                ],
                [
                    0.14917030683013233,
                    -0.6969991555919587,
                    -0.7013846281921922,
                    -3.332966961288112
                ],
                [
                    0.0,
                    0.0,
                    0.0,
                    1.0
                ]
            ],
            "rotation": -135.17968475487754
        },
        {
            "file_path": "./train/r_0094.png",
            "transform_matrix": [
                [
                    0.033366359391145524,
                    0.47734046870811336,
                    -0.8780847128805396,
                    -3.900848293827714
                ],
                [
                    0.9923928356378716,
                    0.08834876394398711,
                    0.08573771447964927,
                    0.14899995212952363
                ],
                [
                    0.11850377983678467,
                    -0.8742657335404884,
                    -0.47076138469643686,
                    -2.2054288448682415
                ],
                [
                    0.0,
                    0.0,
                    0.0,
                    1.0
                ]
            ],
            "rotation": -118.30090375109623
        },
        {
            "file_path": "./train/r_0134.png",
            "transform_matrix": [
                [
                    -0.07555373642831852,
                    0.9947466815371184,
                    -0.06907005489073596,
                    -0.7729317292857869
                ],
                [
                    0.9795886577713754,
                    0.08698521859029686,
                    0.18121708890850655,
                    0.3687115518855151
                ],
                [
                    0.18627317165226848,
                    -0.053968614190910806,
                    -0.9810146248680068,
                    -4.48207097761866
                ],
                [
                    0.0,
                    0.0,
                    0.0,
                    1.0
                ]
            ],
            "rotation": -176.85115800454318
        },
        {
            "file_path": "./train/r_0152.png",
            "transform_matrix": [
                [
                    -0.04125286562900597,
                    0.9442985427306079,
                    0.3264942009810361,
                    1.0300559548473998
                ],
                [
                    0.9862868319278849,
                    -0.01377685046504984,
                    0.1644642318466844,
                    0.3484551814375803
                ],
                [
                    0.15980139624875458,
                    0.32880155198556116,
                    -0.9307808835428638,
                    -4.030162366339375
                ],
                [
                    0.0,
                    0.0,
                    0.0,
                    1.0
                ]
            ],
            "rotation": 160.5440570000729
        },
        {
            "file_path": "./train/r_0250.png",
            "transform_matrix": [
                [
                    0.05872850881533998,
                    -0.9126699783589047,
                    0.4044557736696104,
                    1.479969853014103
                ],
                [
                    0.9958853465091085,
                    0.025553033495340036,
                    -0.08694491984940102,
                    -0.5157536613096194
                ],
                [
                    0.06901694618540628,
                    0.407897723800394,
                    0.9104153491993082,
                    3.0863100418145746
                ],
                [
                    0.0,
                    0.0,
                    0.0,
                    1.0
                ]
            ],
            "rotation": 24.134038336980684
        },
        {
            "file_path": "./train/r_0186.png",
            "transform_matrix": [
                [
                    -0.10990500370688408,
                    0.2972736264446875,
                    0.948445718626329,
                    3.6755382359671533
                ],
                [
                    0.9900678419931142,
                    -0.05142693497080715,
                    0.13084700459164664,
                    0.1666087342264026
                ],
                [
                    0.08767301985952022,
                    0.9534063464126573,
                    -0.28866898033695865,
                    -1.6016077362018637
                ],
                [
                    0.0,
                    0.0,
                    0.0,
                    1.0
                ]
            ],
            "rotation": 106.8450759188795
        },
        {
            "file_path": "./train/r_0196.png",
            "transform_matrix": [
                [
                    -0.10905356991186,
                    0.13158559795917496,
                    0.9852880539716318,
                    3.845865443606269
                ],
                [
                    0.9920616272378407,
                    -0.0480322930748644,
                    0.11621801316567947,
                    0.055220397651868806
                ],
                [
                    0.06261826132756146,
                    0.9901404593448833,
                    -0.12530292940157672,
                    -0.51791490829289
                ],
                [
                    0.0,
                    0.0,
                    0.0,
                    1.0
                ]
            ],
            "rotation": 97.21247904073485
        },
        {
            "file_path": "./train/r_0149.png",
            "transform_matrix": [
                [
                    -0.015753785463074422,
                    0.9796167110034327,
                    0.20025712912752897,
                    0.7091954853430369
                ],
                [
                    0.9875171235185222,
                    -0.01614865504286082,
                    0.15668168909611216,
                    0.349198385433958
                ],
                [
                    0.15672188424494993,
                    0.20022567383610695,
                    -0.9671338741537225,
                    -4.134628199071305
                ],
                [
                    0.0,
                    0.0,
                    0.0,
                    1.0
                ]
            ],
            "rotation": 168.30330181896664
        },
        {
            "file_path": "./train/r_0129.png",
            "transform_matrix": [
                [
                    -0.02152266787258609,
                    0.9803627755786658,
                    -0.19602449598797791,
                    -1.2731944781638964
                ],
                [
                    0.9782499022309159,
                    0.06111125845362048,
                    0.19822346701492768,
                    0.34307302421318475
                ],
                [
                    0.20631021194514265,
                    -0.18749464618998918,
                    -0.9603550666796322,
                    -4.431277747115286
                ],
                [
                    0.0,
                    0.0,
                    0.0,
                    1.0
                ]
            ],
            "rotation": -168.95283611307073
        },
        {
            "file_path": "./train/r_0121.png",
            "transform_matrix": [
                [
                    -0.02105406126414461,
                    0.910282239879127,
                    -0.41345250061515465,
                    -2.079201691076491
                ],
                [
                    0.9806503535954965,
                    0.09930940249449596,
                    0.16870840693105285,
                    0.34284697883098947
                ],
                [
                    0.19463198734358436,
                    -0.4019003437878911,
                    -0.8947594666533915,
                    -4.18914340107075
                ],
                [
                    0.0,
                    0.0,
                    0.0,
                    1.0
                ]
            ],
            "rotation": -155.81174839280692
        },
        {
            "file_path": "./train/r_0241.png",
            "transform_matrix": [
                [
                    0.05653346069232142,
                    -0.7973463951614056,
                    0.6008682833577268,
                    2.210040531861765
                ],
                [
                    0.9976983236930742,
                    0.022546390013385438,
                    -0.06395088113070609,
                    -0.46251940510658135
                ],
                [
                    0.03744359387370733,
                    0.6031006436909813,
                    0.7967857873088253,
                    2.799237213349826
                ],
                [
                    0.0,
                    0.0,
                    0.0,
                    1.0
                ]
            ],
            "rotation": 37.12269527245024
        },
        {
            "file_path": "./train/r_0043.png",
            "transform_matrix": [
                [
                    0.11799387673717447,
                    -0.7784304423970717,
                    -0.6165415569140751,
                    -2.3762989518879514
                ],
                [
                    0.988545568457638,
                    0.15091660464034976,
                    -0.0013555539804387979,
                    -0.2173983954924226
                ],
                [
                    0.09410156287383328,
                    -0.6093194767881032,
                    0.7873211994296703,
                    2.2659107617209475
                ],
                [
                    0.0,
                    0.0,
                    0.0,
                    1.0
                ]
            ],
            "rotation": -37.73681584402934
        },
        {
            "file_path": "./train/r_0230.png",
            "transform_matrix": [
                [
                    -0.007462885102759626,
                    -0.6061704526243658,
                    0.7952997470835222,
                    2.8862553779993427
                ],
                [
                    0.9998734539245494,
                    -0.01569744883352426,
                    -0.0025819057129804956,
                    -0.43392077976917665
                ],
                [
                    0.014049252041829198,
                    0.7951798365560401,
                    0.6062108923895831,
                    2.1630547576187493
                ],
                [
                    0.0,
                    0.0,
                    0.0,
                    1.0
                ]
            ],
            "rotation": 52.679661908270305
        },
        {
            "file_path": "./train/r_0258.png",
            "transform_matrix": [
                [
                    0.052109311682190115,
                    -0.9817011135779758,
                    0.18315988435181604,
                    0.8366602637065915
                ],
                [
                    0.9985221541890262,
                    0.04838514479973478,
                    -0.02474642108296178,
                    -0.32705560478427037
                ],
                [
                    0.015431371608347786,
                    0.18417872125321907,
                    0.9827716272908036,
                    3.2478819900165043
                ],
                [
                    0.0,
                    0.0,
                    0.0,
                    1.0
                ]
            ],
            "rotation": 10.614532369763236
        },
        {
            "file_path": "./train/r_0174.png",
            "transform_matrix": [
                [
                    -0.05890967510412488,
                    0.6785649798889964,
                    0.7321743086501824,
                    2.905324832918094
                ],
                [
                    0.9881931527188249,
                    -0.06427627651808104,
                    0.1390785864056728,
                    0.23250394207804526
                ],
                [
                    0.14143529650958933,
                    0.7317227127438487,
                    -0.6667667722345104,
                    -2.65608198064463
                ],
                [
                    0.0,
                    0.0,
                    0.0,
                    1.0
                ]
            ],
            "rotation": 132.34068191803414
        },
        {
            "file_path": "./train/r_0248.png",
            "transform_matrix": [
                [
                    0.029871852412224374,
                    -0.8983046389322471,
                    0.43835653081283926,
                    1.6614118553711532
                ],
                [
                    0.9968907217956977,
                    -0.005216724124545283,
                    -0.078623626137832,
                    -0.48417020182888476
                ],
                [
                    0.07291475317873246,
                    0.4393421917619725,
                    0.8953557266844674,
                    3.049735746170079
                ],
                [
                    0.0,
                    0.0,
                    0.0,
                    1.0
                ]
            ],
            "rotation": 26.136729728296714
        },
        {
            "file_path": "./train/r_0247.png",
            "transform_matrix": [
                [
                    0.038831045870608594,
                    -0.8933741043360041,
                    0.4476325050512272,
                    1.723081072579627
                ],
                [
                    0.9970065451881528,
                    0.00466567030096971,
                    -0.07717629411047512,
                    -0.47708769921996946
                ],
                [
                    0.06685879694235156,
                    0.44928937359176985,
                    0.8908810021820739,
                    3.0315475544664197
                ],
                [
                    0.0,
                    0.0,
                    0.0,
                    1.0
                ]
            ],
            "rotation": 26.762736696372702
        },
        {
            "file_path": "./train/r_0123.png",
            "transform_matrix": [
                [
                    0.0017023049746508483,
                    0.9266955319114977,
                    -0.3758091181611204,
                    -1.8755142204661455
                ],
                [
                    0.98252347994748,
                    0.06839994031187038,
                    0.1731157402353309,
                    0.36065072442531954
                ],
                [
                    0.18613090423050999,
                    -0.3695359783574506,
                    -0.9103836813068069,
                    -4.257864777269584
                ],
                [
                    0.0,
                    0.0,
                    0.0,
                    1.0
                ]
            ],
            "rotation": -157.90715905490904
        },
        {
            "file_path": "./train/r_0169.png",
            "transform_matrix": [
                [
                    -0.07156853749254562,
                    0.7278926973886864,
                    0.6819458670080786,
                    2.5665088807019876
                ],
                [
                    0.9886197550867138,
                    -0.0389340094272944,
                    0.1453104358337737,
                    0.2700331887536365
                ],
                [
                    0.1323212919127682,
                    0.6845848113989509,
                    -0.716822650108378,
                    -3.0186086070947673
                ],
                [
                    0.0,
                    0.0,
                    0.0,
                    1.0
                ]
            ],
            "rotation": 136.31779403093242
        },
        {
            "file_path": "./train/r_0110.png",
            "transform_matrix": [
                [
                    0.015245744563867129,
                    0.7704481128599049,
                    -0.6373203846287241,
                    -3.0505382863710797
                ],
                [
                    0.9879863714421936,
                    0.08642685154973895,
                    0.1281145158664193,
                    0.3118577768886571
                ],
                [
                    0.15378718125117236,
                    -0.6316170554392992,
                    -0.7598745937067563,
                    -3.5186048548670743
                ],
                [
                    0.0,
                    0.0,
                    0.0,
                    1.0
                ]
            ],
            "rotation": -140.2662265538475
        },
        {
            "file_path": "./train/r_0154.png",
            "transform_matrix": [
                [
                    -0.05238730267019859,
                    0.9386592172035666,
                    0.34084372442180677,
                    1.2172508613059403
                ],
                [
                    0.9854401976523277,
                    -0.006692106654176728,
                    0.16989064882879903,
                    0.30793859311252725
                ],
                [
                    0.16175038599608407,
                    0.34478122000381156,
                    -0.9246419431124685,
                    -3.923467513214324
                ],
                [
                    0.0,
                    0.0,
                    0.0,
                    1.0
                ]
            ],
            "rotation": 159.55048075929852
        },
        {
            "file_path": "./train/r_0092.png",
            "transform_matrix": [
                [
                    0.015500678200973936,
                    0.4298667411596741,
                    -0.9027592778919923,
                    -3.9974150490902938
                ],
                [
                    0.9905204918136024,
                    0.1166434752358475,
                    0.07254967251644454,
                    0.1400716407702369
                ],
                [
                    0.13648767077157178,
                    -0.8953261330541321,
                    -0.42398376289391676,
                    -2.0543836988100748
                ],
                [
                    0.0,
                    0.0,
                    0.0,
                    1.0
                ]
            ],
            "rotation": -115.34000345563862
        },
        {
            "file_path": "./train/r_0207.png",
            "transform_matrix": [
                [
                    -0.09331035502054641,
                    -0.16135051585180282,
                    0.9824760499270693,
                    3.898045240123852
                ],
                [
                    0.9934511689393577,
                    -0.08044095661903593,
                    0.081142020132839,
                    0.09865299994071285
                ],
                [
                    0.0659390065057342,
                    0.983613370960649,
                    0.16779983280225647,
                    0.3942388373093693
                ],
                [
                    0.0,
                    0.0,
                    0.0,
                    1.0
                ]
            ],
            "rotation": 80.31880697731516
        },
        {
            "file_path": "./train/r_0245.png",
            "transform_matrix": [
                [
                    0.04440068324224621,
                    -0.8725495706222596,
                    0.4865036753556259,
                    1.8982028955675008
                ],
                [
                    0.996544764582828,
                    0.00446740167262543,
                    -0.08293717203311952,
                    -0.4814927877488448
                ],
                [
                    0.07019338651310077,
                    0.4885051577304031,
                    0.8697330621291894,
                    2.942412370935705
                ],
                [
                    0.0,
                    0.0,
                    0.0,
                    1.0
                ]
            ],
            "rotation": 29.321725095650127
        },
        {
            "file_path": "./train/r_0193.png",
            "transform_matrix": [
                [
                    -0.11718051701991188,
                    0.16086755703807062,
                    0.9799950793363961,
                    3.851378010747309
                ],
                [
                    0.9909768450593762,
                    -0.04571185042357263,
                    0.12599729872905172,
                    0.1019005569899204
                ],
                [
                    0.06506626612240106,
                    0.9859168605026774,
                    -0.1540594858794254,
                    -0.7961097230889754
                ],
                [
                    0.0,
                    0.0,
                    0.0,
                    1.0
                ]
            ],
            "rotation": 98.88122510449877
        },
        {
            "file_path": "./train/r_0257.png",
            "transform_matrix": [
                [
                    0.026319850293770916,
                    -0.9706900290753631,
                    0.23888937384108191,
                    0.8723786184289848
                ],
                [
                    0.9989676103182408,
                    0.01668830764054259,
                    -0.04225179195203491,
                    -0.3763676881801902
                ],
                [
                    0.0370267337956904,
                    0.23975480775526756,
                    0.9701271324639145,
                    3.243975324283526
                ],
                [
                    0.0,
                    0.0,
                    0.0,
                    1.0
                ]
            ],
            "rotation": 13.881778988860196
        },
        {
            "file_path": "./train/r_0044.png",
            "transform_matrix": [
                [
                    0.10143533189848017,
                    -0.7789695915003372,
                    -0.6188030776914761,
                    -2.4426278169022035
                ],
                [
                    0.9912847630089405,
                    0.13169547700594422,
                    -0.003289371138291414,
                    -0.21790370533290512
                ],
                [
                    0.08405588658121319,
                    -0.613076403765448,
                    0.7855392613212095,
                    2.2051257831348132
                ],
                [
                    0.0,
                    0.0,
                    0.0,
                    1.0
                ]
            ],
            "rotation": -37.97036133441684
        },
        {
            "file_path": "./train/r_0127.png",
            "transform_matrix": [
                [
                    0.004470719487545866,
                    0.9793049243545757,
                    -0.2023409938745539,
                    -1.4745890854856067
                ],
                [
                    0.9790262026694112,
                    0.03692825679684159,
                    0.20035967243100436,
                    0.36388639892742997
                ],
                [
                    0.20368531403607995,
                    -0.19899288676941468,
                    -0.9586000854690125,
                    -4.4199970535820965
                ],
                [
                    0.0,
                    0.0,
                    0.0,
                    1.0
                ]
            ],
            "rotation": -168.2727018158911
        },
        {
            "file_path": "./train/r_0006.png",
            "transform_matrix": [
                [
                    -0.010470458425681837,
                    -0.9999420285829542,
                    -0.002511767059709551,
                    0.4961622744334443
                ],
                [
                    0.9999195956605017,
                    -0.010452187718614857,
                    -0.007180110447176576,
                    -0.2999389713734879
                ],
                [
                    0.007153440745185891,
                    -0.0025867441506671066,
                    0.9999710681015747,
                    3.6840311922524482
                ],
                [
                    0.0,
                    0.0,
                    0.0,
                    1.0
                ]
            ],
            "rotation": -0.14821348002416412
        },
        {
            "file_path": "./train/r_0187.png",
            "transform_matrix": [
                [
                    -0.11393555382281634,
                    0.2933238161236909,
                    0.9491995725187214,
                    3.7105406610548144
                ],
                [
                    0.9906779665600157,
                    -0.038266585002797206,
                    0.13073956954470856,
                    0.1433599229923205
                ],
                [
                    0.074671655583629,
                    0.9552469876251164,
                    -0.28622951714584055,
                    -1.5197668034407157
                ],
                [
                    0.0,
                    0.0,
                    0.0,
                    1.0
                ]
            ],
            "rotation": 106.68028099378978
        },
        {
            "file_path": "./train/r_0244.png",
            "transform_matrix": [
                [
                    0.028060870593609278,
                    -0.852839569186997,
                    0.521418504438101,
                    1.9642815327256666
                ],
                [
                    0.9967457000596807,
                    -0.01556152255083505,
                    -0.07909392156440993,
                    -0.4745040303453896
                ],
                [
                    0.07556849180753769,
                    0.5219410965279866,
                    0.8496275035573512,
                    2.8999351515423846
                ],
                [
                    0.0,
                    0.0,
                    0.0,
                    1.0
                ]
            ],
            "rotation": 31.56313664168945
        },
        {
            "file_path": "./train/r_0185.png",
            "transform_matrix": [
                [
                    -0.10942981271742122,
                    0.3088535733176834,
                    0.9447934093427665,
                    3.624593307123158
                ],
                [
                    0.9908980776119105,
                    -0.041070781175917885,
                    0.12819590757360347,
                    0.171445780239833
                ],
                [
                    0.07839716751037712,
                    0.9502224272150696,
                    -0.30154804417182285,
                    -1.6799298339354316
                ],
                [
                    0.0,
                    0.0,
                    0.0,
                    1.0
                ]
            ],
            "rotation": 107.60655936085932
        },
        {
            "file_path": "./train/r_0038.png",
            "transform_matrix": [
                [
                    0.14039010986283884,
                    -0.846470628247256,
                    -0.5135933143717857,
                    -1.9379490094118235
                ],
                [
                    0.9878523350503744,
                    0.1546569064705824,
                    0.015132924914647182,
                    -0.24110701624866535
                ],
                [
                    0.06662117672499375,
                    -0.5094788678597431,
                    0.8579002867560611,
                    2.5311660085363785
                ],
                [
                    0.0,
                    0.0,
                    0.0,
                    1.0
                ]
            ],
            "rotation": -30.704688397674822
        },
        {
            "file_path": "./train/r_0228.png",
            "transform_matrix": [
                [
                    -0.010188170735995813,
                    -0.5916948701503828,
                    0.8060976254863774,
                    3.0052389085278546
                ],
                [
                    0.9999370561502171,
                    -0.009817150649447546,
                    0.0054320613733278315,
                    -0.40186545909331034
                ],
                [
                    0.0046994589786215945,
                    0.8061022293672482,
                    0.5917576454043162,
                    2.038930542738431
                ],
                [
                    0.0,
                    0.0,
                    0.0,
                    1.0
                ]
            ],
            "rotation": 53.71770004098509
        },
        {
            "file_path": "./train/r_0237.png",
            "transform_matrix": [
                [
                    0.01829329831777677,
                    -0.7448144877689731,
                    0.6670207898155042,
                    2.489811064990727
                ],
                [
                    0.9987586156812643,
                    -0.01730148361857158,
                    -0.04671066545277355,
                    -0.44253526583545155
                ],
                [
                    0.04633122963079503,
                    0.6670472528045058,
                    0.743573385542315,
                    2.6608134469204807
