{
    "fl_x": 1303.428071339866,
    "fl_y": 1258.0709261157645,
    "cx": 553.1020011111062,
    "cy": 966.719904575113,
    "w": 1080,
    "h": 1920,
    "camera_model": "OPENCV",
    "k1": 0.07889212002534403,
    "k2": -0.07202330608086317,
    "p1": -0.001952182289527909,
    "p2": -0.0012225375340495675,
    "frames": [
        {
            "file_path": "images/0259.png",
            "transform_matrix": [
                [
                    0.0556894468251588,
                    -0.9860280002136971,
                    0.15699512192066714,
                    0.8225405772589482
                ],
                [
                    0.9983768053818928,
                    0.053113234002848224,
                    -0.020560614027914804,
                    -0.3100391776717868
                ],
                [
                    0.01193482248523244,
                    0.15788529750529662,
                    0.9873853314911611,
                    3.237850266404951
                ],
                [
                    0.0,
                    0.0,
                    0.0,
                    1.0
                ]
            ]
        },
        {
            "file_path": "images/0258.png",
            "transform_matrix": [
                [
                    0.052109311682190115,
                    -0.9817011135779758,
                    0.18315988435181604,
                    0.8366602637065915
                ],
                [
                    0.9985221541890262,
                    0.04838514479973478,
                    -0.02474642108296178,
                    -0.32705560478427037
                ],
                [
                    0.015431371608347786,
                    0.18417872125321907,
                    0.9827716272908036,
                    3.2478819900165043
                ],
                [
                    0.0,
                    0.0,
                    0.0,
                    1.0
                ]
            ]
        },
        {
            "file_path": "images/0127.png",
            "transform_matrix": [
                [
                    0.004470719487545866,
                    0.9793049243545757,
                    -0.2023409938745539,
                    -1.4745890854856067
                ],
                [
                    0.9790262026694112,
                    0.03692825679684159,
                    0.20035967243100436,
                    0.36388639892742997
                ],
                [
                    0.20368531403607995,
                    -0.19899288676941468,
                    -0.9586000854690125,
                    -4.4199970535820965
                ],
                [
                    0.0,
                    0.0,
                    0.0,
                    1.0
                ]
            ]
        },
        {
            "file_path": "images/0126.png",
            "transform_matrix": [
                [
                    -0.018445001107244587,
                    0.9749852596306195,
                    -0.2215028790719596,
                    -1.57004961920416
                ],
                [
                    0.979525730659003,
                    0.06204169233576659,
                    0.19152068136120606,
                    0.36262936870841594
                ],
                [
                    0.20047225471645772,
                    -0.2134351702862663,
                    -0.9561675079052687,
                    -4.4080877861860355
                ],
                [
                    0.0,
                    0.0,
                    0.0,
                    1.0
                ]
            ]
        },
        {
            "file_path": "images/0125.png",
            "transform_matrix": [
                [
                    -0.0411651650256166,
                    0.9641514072350492,
                    -0.26214021651606073,
                    -1.6294520862692936
                ],
                [
                    0.977719184253706,
                    0.09292187461359012,
                    0.18823050220557647,
                    0.3573485365622357
                ],
                [
                    0.20584126391635144,
                    -0.2485509789660256,
                    -0.9464944716818733,
                    -4.3876396892052725
                ],
                [
                    0.0,
                    0.0,
                    0.0,
                    1.0
                ]
            ]
        },
        {
            "file_path": "images/0124.png",
            "transform_matrix": [
                [
                    0.013771136141266878,
                    0.9399986129025568,
                    -0.3409002252135468,
                    -1.774543121881023
                ],
                [
                    0.9838777023913247,
                    0.04805942665923707,
                    0.17226421057884705,
                    0.3474336068226822
                ],
                [
                    0.1783115883686381,
                    -0.3377764042239387,
                    -0.9241818426062043,
                    -4.303075264241177
                ],
                [
                    0.0,
                    0.0,
                    0.0,
                    1.0
                ]
            ]
        },
        {
            "file_path": "images/0123.png",
            "transform_matrix": [
                [
                    0.0017023049746508483,
                    0.9266955319114977,
                    -0.3758091181611204,
                    -1.8755142204661455
                ],
                [
                    0.98252347994748,
                    0.06839994031187038,
                    0.1731157402353309,
                    0.36065072442531954
                ],
                [
                    0.18613090423050999,
                    -0.3695359783574506,
                    -0.9103836813068069,
                    -4.257864777269584
                ],
                [
                    0.0,
                    0.0,
                    0.0,
                    1.0
                ]
            ]
        },
        {
            "file_path": "images/0122.png",
            "transform_matrix": [
                [
                    -0.021159558681243754,
                    0.9151092193766714,
                    -0.40265045596427,
                    -1.9911310127022963
                ],
                [
                    0.9801381139201553,
                    0.09841902908242742,
                    0.1721713459188647,
                    0.35396546435283255
                ],
                [
                    0.19718405289844324,
                    -0.3910099887807112,
                    -0.8990159275320166,
                    -4.21822823981144
                ],
                [
                    0.0,
                    0.0,
                    0.0,
                    1.0
                ]
            ]
        },
        {
            "file_path": "images/0121.png",
            "transform_matrix": [
                [
                    -0.02105406126414461,
                    0.910282239879127,
                    -0.41345250061515465,
                    -2.079201691076491
                ],
                [
                    0.9806503535954965,
                    0.09930940249449596,
                    0.16870840693105285,
                    0.34284697883098947
                ],
                [
                    0.19463198734358436,
                    -0.4019003437878911,
                    -0.8947594666533915,
                    -4.18914340107075
                ],
                [
                    0.0,
                    0.0,
                    0.0,
                    1.0
                ]
            ]
        },
        {
            "file_path": "images/0120.png",
            "transform_matrix": [
                [
                    -0.008103350662505357,
                    0.9057936468794356,
                    -0.4236415996817266,
                    -2.1731890873945017
                ],
                [
                    0.9850596896631348,
                    0.08011145345559277,
                    0.15244527813612677,
                    0.3379285561487228
                ],
                [
                    0.17202250872722769,
                    -0.41607694516529536,
                    -0.8929099798933298,
                    -4.141486792120268
                ],
                [
                    0.0,
                    0.0,
                    0.0,
                    1.0
                ]
            ]
        },
        {
            "file_path": "images/0119.png",
            "transform_matrix": [
                [
                    0.0052436885850201415,
                    0.9026790105546182,
                    -0.4302825904381417,
                    -2.2838854669644864
                ],
                [
                    0.9865568304832769,
                    0.06561201367961231,
                    0.14966858016196125,
                    0.354871622756411
                ],
                [
                    0.1633343930616402,
                    -0.4252830440601184,
                    -0.8902000946293724,
                    -4.093402692601133
                ],
                [
                    0.0,
                    0.0,
                    0.0,
                    1.0
                ]
            ]
        },
        {
            "file_path": "images/0118.png",
            "transform_matrix": [
                [
                    -0.018317150772738662,
                    0.8992852632361377,
                    -0.4369788293657697,
                    -2.356208047936149
                ],
                [
                    0.9865029806445225,
                    0.08738258648492701,
                    0.1384779865490448,
                    0.3543424411605941
                ],
                [
                    0.1627155529353047,
                    -0.4285443954895618,
                    -0.8887481926437,
                    -4.050280220364208
                ],
                [
                    0.0,
                    0.0,
                    0.0,
                    1.0
                ]
            ]
        },
        {
            "file_path": "images/0117.png",
            "transform_matrix": [
                [
                    -0.02954854317168316,
                    0.8761178219429915,
                    -0.4811906541801284,
                    -2.4642968459584207
                ],
                [
                    0.9870181499588235,
                    0.10160486887863696,
                    0.12438497607032961,
                    0.3364968845204836
                ],
                [
                    0.15786720764076576,
                    -0.4712685144310234,
                    -0.867746467614639,
                    -3.972548089173245
                ],
                [
                    0.0,
                    0.0,
                    0.0,
                    1.0
                ]
            ]
        },
        {
            "file_path": "images/0116.png",
            "transform_matrix": [
                [
                    0.004302913804921107,
                    0.849178351185838,
                    -0.5280886410538378,
                    -2.526850376552749
                ],
                [
                    0.9897256485773762,
                    0.07185658664023772,
                    0.12361137287687375,
                    0.32683471365543687
                ],
                [
                    0.14291474899701195,
                    -0.523194761856152,
                    -0.8401444016866418,
                    -3.8998219972793433
                ],
                [
                    0.0,
                    0.0,
                    0.0,
                    1.0
                ]
            ]
        },
        {
            "file_path": "images/0115.png",
            "transform_matrix": [
                [
                    0.01172961204946906,
                    0.8290848859252796,
                    -0.5589997031586287,
                    -2.6077472418106273
                ],
                [
                    0.9893140239066067,
                    0.0716271441992744,
                    0.12699336327373298,
                    0.3310273892035225
                ],
                [
                    0.14532783044856518,
                    -0.5545158285785198,
                    -0.8193851460412198,
                    -3.8149959902907264
                ],
                [
                    0.0,
                    0.0,
                    0.0,
                    1.0
                ]
            ]
        },
        {
            "file_path": "images/0114.png",
            "transform_matrix": [
                [
                    -0.0018302405300505025,
                    0.8101084246173911,
                    -0.5862772301424729,
                    -2.69956573563349
                ],
                [
                    0.9865676394352172,
                    0.09722739775734747,
                    0.1312673833995235,
                    0.33128293715079804
                ],
                [
                    0.1633430226205733,
                    -0.5781618921109056,
                    -0.7994047056853691,
                    -3.7697478189177605
                ],
                [
                    0.0,
                    0.0,
                    0.0,
                    1.0
                ]
            ]
        },
        {
            "file_path": "images/0113.png",
            "transform_matrix": [
                [
                    -0.022718419835912444,
                    0.7942798365547153,
                    -0.6071271816042938,
                    -2.774434539043794
                ],
                [
                    0.9832643106837978,
                    0.12755459905829641,
                    0.13008120384818542,
                    0.3178822042731897
                ],
                [
                    0.18076274155830654,
                    -0.5940112503157591,
                    -0.7838848549134196,
                    -3.7338987925729854
                ],
                [
                    0.0,
                    0.0,
                    0.0,
                    1.0
                ]
            ]
        },
        {
            "file_path": "images/0112.png",
            "transform_matrix": [
                [
                    0.00969247532807531,
                    0.7793152086990529,
                    -0.6265571493585929,
                    -2.8708640269169323
                ],
                [
                    0.9882693317254199,
                    0.08803896568617639,
                    0.12479129974441354,
                    0.2911750464849648
                ],
                [
                    0.1524132011769534,
                    -0.6204167518783318,
                    -0.7693200050016467,
                    -3.650005105049407
                ],
                [
                    0.0,
                    0.0,
                    0.0,
                    1.0
                ]
            ]
        },
        {
            "file_path": "images/0111.png",
            "transform_matrix": [
                [
                    0.026809157758845497,
                    0.7740614102008974,
                    -0.6325426486001232,
                    -2.978854492752846
                ],
                [
                    0.9895787020909704,
                    0.06900308530842611,
                    0.12638261979350107,
                    0.30544364457029277
                ],
                [
                    0.14147530324481342,
                    -0.6293389448109147,
                    -0.7641447710454297,
                    -3.5802932368324796
                ],
                [
                    0.0,
                    0.0,
                    0.0,
                    1.0
                ]
            ]
        },
        {
            "file_path": "images/0110.png",
            "transform_matrix": [
                [
                    0.015245744563867129,
                    0.7704481128599049,
                    -0.6373203846287241,
                    -3.0505382863710797
                ],
                [
                    0.9879863714421936,
                    0.08642685154973895,
                    0.1281145158664193,
                    0.3118577768886571
                ],
                [
                    0.15378718125117236,
                    -0.6316170554392992,
                    -0.7598745937067563,
                    -3.5186048548670743
                ],
                [
                    0.0,
                    0.0,
                    0.0,
                    1.0
                ]
            ]
        },
        {
            "file_path": "images/0109.png",
            "transform_matrix": [
                [
                    -0.003124082440953202,
                    0.7533326789727889,
                    -0.6576322033633862,
                    -3.1193486336112892
                ],
                [
                    0.9858052625433287,
                    0.11271374666337565,
                    0.12443309710435957,
                    0.29716970078516025
                ],
                [
                    0.16786370796208672,
                    -0.6479085476398536,
                    -0.7429914464140446,
                    -3.4490060214220133
                ],
                [
                    0.0,
                    0.0,
                    0.0,
                    1.0
                ]
            ]
        },
        {
            "file_path": "images/0108.png",
            "transform_matrix": [
                [
                    0.01657533740119023,
                    0.7109837712773124,
                    -0.703013040540733,
                    -3.1729329128856794
                ],
                [
                    0.9886725836950476,
                    0.09324298410275146,
                    0.1176106634849628,
                    0.2724972925753823
                ],
                [
                    0.14917030683013233,
                    -0.6969991555919587,
                    -0.7013846281921922,
                    -3.332966961288112
                ],
                [
                    0.0,
                    0.0,
                    0.0,
                    1.0
                ]
            ]
        },
        {
            "file_path": "images/0107.png",
            "transform_matrix": [
                [
                    0.028041846551757937,
                    0.6827223658680175,
                    -0.7301395934926033,
                    -3.227659841671114
                ],
                [
                    0.9889429074518429,
                    0.08745958436012358,
                    0.11976120784398579,
                    0.2735033673903075
                ],
                [
                    0.14562136053019006,
                    -0.725424697847496,
                    -0.6727209132398108,
                    -3.235740026057443
                ],
                [
                    0.0,
                    0.0,
                    0.0,
                    1.0
                ]
            ]
        },
        {
            "file_path": "images/0106.png",
            "transform_matrix": [
                [
                    0.024952965704201375,
                    0.6692463121733863,
                    -0.7426215207929858,
                    -3.2863490092738723
                ],
                [
                    0.9864378793466516,
                    0.10406499808449875,
                    0.12692827251544112,
                    0.27108877891939087
                ],
                [
                    0.1622271854303272,
                    -0.7357172349591896,
                    -0.657573182612672,
                    -3.145582474524477
                ],
                [
                    0.0,
                    0.0,
                    0.0,
                    1.0
                ]
            ]
        },
        {
            "file_path": "images/0105.png",
            "transform_matrix": [
                [
                    0.011089615438273413,
                    0.6576731502184145,
                    -0.7532217787021415,
                    -3.3574965978608797
                ],
                [
                    0.9828333892770643,
                    0.13156267841460723,
                    0.12934369165341228,
                    0.25446037110663355
                ],
                [
                    0.1841617477968472,
                    -0.7417258854389276,
                    -0.6449241517560409,
                    -3.078069366496136
                ],
                [
                    0.0,
                    0.0,
                    0.0,
                    1.0
                ]
            ]
        },
        {
            "file_path": "images/0104.png",
            "transform_matrix": [
                [
                    0.03713650047027767,
                    0.6334863987494788,
                    -0.7728621241413226,
                    -3.4211096486729997
                ],
                [
                    0.9863146201784145,
                    0.10108640189375635,
                    0.13024979606311823,
                    0.22562277422240512
                ],
                [
                    0.1606373255352908,
                    -0.7671222340354827,
                    -0.6210629015593174,
                    -2.9797801268861637
                ],
                [
                    0.0,
                    0.0,
                    0.0,
                    1.0
                ]
            ]
        },
        {
            "file_path": "images/0103.png",
            "transform_matrix": [
                [
                    0.07068608977669517,
                    0.623929481266793,
                    -0.7782772508034853,
                    -3.5005728145979678
                ],
                [
                    0.9883006786189076,
                    0.061905526283268016,
                    0.13938964974845985,
                    0.22449729789906844
                ],
                [
                    0.13514897466680129,
                    -0.7790248444188042,
                    -0.6122540701577818,
                    -2.9024159611554268
                ],
                [
                    0.0,
                    0.0,
                    0.0,
                    1.0
                ]
            ]
        },
        {
            "file_path": "images/0102.png",
            "transform_matrix": [
                [
                    0.07187458443916837,
                    0.6215523163661932,
                    -0.7800684342617106,
                    -3.54821538865385
                ],
                [
                    0.9883805861799699,
                    0.06063486566396049,
                    0.13938159824184984,
                    0.22890309504822487
                ],
                [
                    0.13393229996619868,
                    -0.7810224907681812,
                    -0.6099721370194142,
                    -2.8282918576945617
                ],
                [
                    0.0,
                    0.0,
                    0.0,
                    1.0
                ]
            ]
        },
        {
            "file_path": "images/0101.png",
            "transform_matrix": [
                [
                    0.05337678995535193,
                    0.6020095037849642,
                    -0.7967028778952936,
                    -3.592451464188922
                ],
                [
                    0.9881150663161221,
                    0.08333156685820939,
                    0.1291683617765634,
                    0.21845709522336526
                ],
                [
                    0.14415108051328515,
                    -0.794128709541178,
                    -0.5904066892145747,
                    -2.7439056113274534
                ],
                [
                    0.0,
                    0.0,
                    0.0,
                    1.0
                ]
            ]
        },
        {
            "file_path": "images/0100.png",
            "transform_matrix": [
                [
                    0.018015338939412824,
                    0.573578432482981,
                    -0.8189525195963828,
                    -3.647176031762085
                ],
                [
                    0.994722293163705,
                    0.0724671862707791,
                    0.07263653624131611,
                    0.19636460214324683
                ],
                [
                    0.10100993538280231,
                    -0.8159389001048802,
                    -0.5692457327460607,
                    -2.6623552855460924
                ],
                [
                    0.0,
                    0.0,
                    0.0,
                    1.0
                ]
            ]
        },
        {
            "file_path": "images/0099.png",
            "transform_matrix": [
                [
                    0.008386704378221095,
                    0.5531607933135306,
                    -0.8330322922494768,
                    -3.653462882102864
                ],
                [
                    0.996012610689209,
                    0.06937200020381426,
                    0.056092824280724395,
                    0.1952259205761354
                ],
                [
                    0.08881746752603657,
                    -0.8301811021267992,
                    -0.5503733234212885,
                    -2.5363897368915094
                ],
                [
                    0.0,
                    0.0,
                    0.0,
                    1.0
                ]
            ]
        },
        {
            "file_path": "images/0098.png",
            "transform_matrix": [
                [
                    0.009024484007383224,
                    0.5414279640591891,
                    -0.840698708469998,
                    -3.683073424089574
                ],
                [
                    0.993840013338179,
                    0.08801159784050791,
                    0.067349732987809,
                    0.19758565873784423
                ],
                [
                    0.11045626544641525,
                    -0.8361278122274625,
                    -0.5372985157650716,
                    -2.437529725119848
                ],
                [
                    0.0,
                    0.0,
                    0.0,
                    1.0
                ]
            ]
        },
        {
            "file_path": "images/0097.png",
            "transform_matrix": [
                [
                    0.018240739161647056,
                    0.5359013696559907,
                    -0.8440835251535659,
                    -3.7165927804466055
                ],
                [
                    0.9922154260762132,
                    0.0943150523987034,
                    0.08132170157730798,
                    0.18973623300704423
                ],
                [
                    0.12319019316177589,
                    -0.8389960625008099,
                    -0.5300092295582232,
                    -2.3888314186445347
                ],
                [
                    0.0,
                    0.0,
                    0.0,
                    1.0
                ]
            ]
        },
        {
            "file_path": "images/0096.png",
            "transform_matrix": [
                [
                    0.015953732073661676,
                    0.5296776717159941,
                    -0.8480489623355748,
                    -3.7771732327823813
                ],
                [
                    0.9899848590776856,
                    0.11061762620630092,
                    0.08771385049932545,
                    0.16438065209000968
                ],
                [
                    0.14026923123000545,
                    -0.8409549957387771,
                    -0.5226081112192351,
                    -2.3157072593144363
                ],
                [
                    0.0,
                    0.0,
                    0.0,
                    1.0
                ]
            ]
        },
        {
            "file_path": "images/0095.png",
            "transform_matrix": [
                [
                    0.018831033879267847,
                    0.48376378292932504,
                    -0.8749959968416695,
                    -3.845310401846498
                ],
                [
                    0.9895447172598909,
                    0.11614388008016369,
                    0.08550936593711082,
                    0.14450769544389502
                ],
                [
                    0.14299176446942685,
                    -0.8674578960651829,
                    -0.47651878645871515,
                    -2.2451085887702056
                ],
                [
                    0.0,
                    0.0,
                    0.0,
                    1.0
                ]
            ]
        },
        {
            "file_path": "images/0094.png",
            "transform_matrix": [
                [
                    0.033366359391145524,
                    0.47734046870811336,
                    -0.8780847128805396,
                    -3.900848293827714
                ],
                [
                    0.9923928356378716,
                    0.08834876394398711,
                    0.08573771447964927,
                    0.14899995212952363
                ],
                [
                    0.11850377983678467,
                    -0.8742657335404884,
                    -0.47076138469643686,
                    -2.2054288448682415
                ],
                [
                    0.0,
                    0.0,
                    0.0,
                    1.0
                ]
            ]
        },
        {
            "file_path": "images/0093.png",
            "transform_matrix": [
                [
                    0.024910673240375922,
                    0.46264798452354394,
                    -0.8861920225182657,
                    -3.9566175134032386
                ],
                [
                    0.9915274845567136,
                    0.10161299190811351,
                    0.08092000521575671,
                    0.1531858000496347
                ],
                [
                    0.12748610013388775,
                    -0.8806995187303015,
                    -0.4561969442914628,
                    -2.1397509989102113
                ],
                [
                    0.0,
                    0.0,
                    0.0,
                    1.0
                ]
            ]
        },
        {
            "file_path": "images/0092.png",
            "transform_matrix": [
                [
                    0.015500678200973936,
                    0.4298667411596741,
                    -0.9027592778919923,
                    -3.9974150490902938
                ],
                [
                    0.9905204918136024,
                    0.1166434752358475,
                    0.07254967251644454,
                    0.1400716407702369
                ],
                [
                    0.13648767077157178,
                    -0.8953261330541321,
                    -0.42398376289391676,
                    -2.0543836988100748
                ],
                [
                    0.0,
                    0.0,
                    0.0,
                    1.0
                ]
            ]
        },
        {
            "file_path": "images/0091.png",
            "transform_matrix": [
                [
                    0.022987775732528918,
                    0.4058782477812324,
                    -0.9136380082641633,
                    -4.029178487738552
                ],
                [
                    0.9930230229246607,
                    0.0964556315909063,
                    0.06783499890151204,
                    0.12157416693426167
                ],
                [
                    0.11565828162496507,
                    -0.9088229525669099,
                    -0.4008291441239326,
                    -1.9912649799134554
                ],
                [
                    0.0,
                    0.0,
                    0.0,
                    1.0
                ]
            ]
        },
        {
            "file_path": "images/0090.png",
            "transform_matrix": [
                [
                    0.018573255212779846,
                    0.37920485203847243,
                    -0.9251263234722497,
                    -4.048266195347421
                ],
                [
                    0.9915353602669869,
                    0.11193538357273762,
                    0.06578829109074598,
                    0.11288898513152375
                ],
                [
                    0.12850160906003305,
                    -0.918517365156971,
                    -0.37391601513451933,
                    -1.8871926799999608
                ],
                [
                    0.0,
                    0.0,
                    0.0,
                    1.0
                ]
            ]
        },
        {
            "file_path": "images/0089.png",
            "transform_matrix": [
                [
                    0.018592465691080504,
                    0.36032718717586565,
                    -0.9326406802201234,
                    -4.087393636475664
                ],
                [
                    0.987766856980314,
                    0.13782685039946077,
                    0.07294104167200108,
                    0.11366920728609764
                ],
                [
                    0.15482556788450005,
                    -0.9225877072077718,
                    -0.3533567121739004,
                    -1.7760937770343237
                ],
                [
                    0.0,
                    0.0,
                    0.0,
                    1.0
                ]
            ]
        },
        {
            "file_path": "images/0088.png",
            "transform_matrix": [
                [
                    0.018025070528218144,
                    0.35553551393781807,
                    -0.9344889486566571,
                    -4.116133197230892
                ],
                [
                    0.9852845523883821,
                    0.1525694378436534,
                    0.0770513949315486,
                    0.10629690623949495
                ],
                [
                    0.1699689608642668,
                    -0.9221263823170026,
                    -0.34755357483081395,
                    -1.7214561724240474
                ],
                [
                    0.0,
                    0.0,
                    0.0,
                    1.0
                ]
            ]
        },
        {
            "file_path": "images/0087.png",
            "transform_matrix": [
                [
                    0.019884695052750003,
                    0.32707116368386796,
                    -0.9447904808946477,
                    -4.1712919986391155
                ],
                [
                    0.9847787068590553,
                    0.15679580946655766,
                    0.07500648405793685,
                    0.08935162474881048
                ],
                [
                    0.17267164625283948,
                    -0.9319010290906473,
                    -0.3189748807666944,
                    -1.6483478992262972
                ],
                [
                    0.0,
                    0.0,
                    0.0,
                    1.0
                ]
            ]
        },
        {
            "file_path": "images/0086.png",
            "transform_matrix": [
                [
                    0.03343479716833379,
                    0.3096314125537457,
                    -0.950268647645646,
                    -4.225157491050781
                ],
                [
                    0.9895974455292168,
                    0.1228589266764126,
                    0.07485038368618134,
                    0.08171436728037418
                ],
                [
                    0.13992501613493236,
                    -0.9428860336731539,
                    -0.3023026916250447,
                    -1.574584308127638
                ],
                [
                    0.0,
                    0.0,
                    0.0,
                    1.0
                ]
            ]
        },
        {
            "file_path": "images/0085.png",
            "transform_matrix": [
                [
                    0.03836657851833912,
                    0.2971302544918546,
                    -0.9540658350021772,
                    -4.259374915454934
                ],
                [
                    0.9914382720721613,
                    0.10793594748730895,
                    0.07348458280880232,
                    0.08532259572695491
                ],
                [
                    0.12481249265743778,
                    -0.9487167349138638,
                    -0.29044517308954276,
                    -1.5181370529250697
                ],
                [
                    0.0,
                    0.0,
                    0.0,
                    1.0
                ]
            ]
        },
        {
            "file_path": "images/0084.png",
            "transform_matrix": [
                [
                    0.0363215294886058,
                    0.2735267028592699,
                    -0.961178385794513,
                    -4.294782452985154
                ],
                [
                    0.9909306768191285,
                    0.11465612133494611,
                    0.07007401500706402,
                    0.07990834264798452
                ],
                [
                    0.1293720999071765,
                    -0.9550063437817382,
                    -0.26688151510032454,
                    -1.4293310913100103
                ],
                [
                    0.0,
                    0.0,
                    0.0,
                    1.0
                ]
            ]
        },
        {
            "file_path": "images/0083.png",
            "transform_matrix": [
                [
                    0.03125150122256361,
                    0.23998278860769823,
                    -0.9702739844205907,
                    -4.316062860229455
                ],
                [
                    0.9892858006180609,
                    0.13107706440854167,
                    0.06428380730418069,
                    0.06151155495476196
                ],
                [
                    0.14260767288900733,
                    -0.9618872409789576,
                    -0.233315210123708,
                    -1.3449241663772933
                ],
                [
                    0.0,
                    0.0,
                    0.0,
                    1.0
